use_threads = true
b = 3.141592653589793
h = [0.13659098493868665]
a = 0.0
boundary = "LU_EXEX"
avg = [0.774491544123877]
rule = "gauss_p2"
nerr_terms = 3
fit_terms = 4
err_total = [-3.4518795365933612e-6]
err_method = "forwarddiff"
dim = 4
ff_shift = 0

[[err]]
derivatives = [1.8281569957647854, 14.149935361315668, -37.65965768337212]
total = -3.4518795365933612e-6
terms = [4.6277273232447266e-7, 1.1143601831666318e-17, -3.9146522689289775e-6]
coeffs = [0.005324074075057675, 1.2126596023639043e-13, 0.11718244782597241]
center = [1.5707963267948966, 1.5707963267948966, 1.5707963267948966, 1.5707963267948966]
h = 0.13659098493868665
ks = [4, 5, 6]
