use_threads = true
b = 3.141592653589793
h = [0.14279966607226333]
a = 0.0
boundary = "LU_EXEX"
avg = [0.774558717791704]
rule = "gauss_p2"
nerr_terms = 3
fit_terms = 4
err_total = [-4.122970230602945e-6]
err_method = "forwarddiff"
dim = 4
ff_shift = 0

[[err]]
derivatives = [1.8281569957648571, 14.149935361316306, -37.659657683379045]
total = -4.122970230602945e-6
terms = [5.528259006545674e-7, 7.274891517869103e-17, -4.675796131330261e-6]
coeffs = [0.00509259259342798, 6.063298011819521e-13, 0.10253894767956809]
center = [1.5707963267948966, 1.5707963267948966, 1.5707963267948966, 1.5707963267948966]
h = 0.14279966607226333
ks = [4, 5, 6]
