use_threads = true
b = 3.141592653589793
h = [0.14279966607226333, 0.13659098493868665, 0.1308996938995747, 0.12566370614359174, 0.1208304866765305, 0.11635528346628864, 0.1121997376282069, 0.10833078115826873]
a = 0.0
boundary = "LU_EXEX"
avg = [0.774558717791704, 0.774491544123877, 0.7744325915149394, 0.774380571146774, 0.7743344372197447, 0.7742933339670139, 0.7742565556695241, 0.7742235161603198]
rule = "gauss_p2"
nerr_terms = 3
fit_terms = 4
err_total = [-4.122970230602945e-6, -3.4518795365933612e-6, -2.9119235581695554e-6, -2.4735235065969025e-6, -2.1145990509361965e-6, -1.8184726251316814e-6, -1.5724101715212028e-6, -1.3665906556721031e-6]
err_method = "forwarddiff"
dim = 4
ff_shift = 0

[[err]]
derivatives = [1.8281569957648571, 14.149935361316306, -37.659657683379045]
total = -4.122970230602945e-6
terms = [5.528259006545674e-7, 7.274891517869103e-17, -4.675796131330261e-6]
coeffs = [0.00509259259342798, 6.063298011819521e-13, 0.10253894767956809]
center = [1.5707963267948966, 1.5707963267948966, 1.5707963267948966, 1.5707963267948966]
h = 0.14279966607226333
ks = [4, 5, 6]
[[err]]
derivatives = [1.8281569957647854, 14.149935361315668, -37.65965768337212]
total = -3.4518795365933612e-6
terms = [4.6277273232447266e-7, 1.1143601831666318e-17, -3.9146522689289775e-6]
coeffs = [0.005324074075057675, 1.2126596023639043e-13, 0.11718244782597241]
center = [1.5707963267948966, 1.5707963267948966, 1.5707963267948966, 1.5707963267948966]
h = 0.13659098493868665
ks = [4, 5, 6]
[[err]]
derivatives = [1.828156995764905, 14.149935361316173, -37.65965768337011]
total = -2.9119235581695554e-6
terms = [3.9033198363658954e-7, 6.042590894392807e-17, -3.3022555418665707e-6]
coeffs = [0.005555555557293701, 8.48861721654733e-13, 0.13315696649046407]
center = [1.5707963267948966, 1.5707963267948966, 1.5707963267948966, 1.5707963267948966]
h = 0.1308996938995747
ks = [4, 5, 6]
[[err]]
derivatives = [1.828156995764947, 14.149935361315531, -37.659657683371655]
total = -2.4735235065969025e-6
terms = [3.3152712752932805e-7, -4.0541872221701826e-17, -2.8050506340856887e-6]
coeffs = [0.005787037038317067, -7.275957614183426e-13, 0.15052037405419266]
center = [1.5707963267948966, 1.5707963267948966, 1.5707963267948966, 1.5707963267948966]
h = 0.12566370614359174
ks = [4, 5, 6]
[[err]]
derivatives = [1.8281569957649868, 14.149935361315867, -37.65965768337152]
total = -2.1145990509361965e-6
terms = [2.833907779995901e-7, 6.408166103421438e-17, -2.3979898289998683e-6]
coeffs = [0.006018518518734102, 1.4551915228366853e-12, 0.16933054086855717]
center = [1.5707963267948966, 1.5707963267948966, 1.5707963267948966, 1.5707963267948966]
h = 0.1208304866765305
ks = [4, 5, 6]
[[err]]
derivatives = [1.828156995764922, 14.149935361315869, -37.659657683370504]
total = -1.8184726251316814e-6
terms = [2.4368233572983416e-7, -3.406434198812393e-17, -2.0621549608274513e-6]
coeffs = [0.006250000000970127, -9.701276818911234e-13, 0.18964533731341363]
center = [1.5707963267948966, 1.5707963267948966, 1.5707963267948966, 1.5707963267948966]
h = 0.11635528346628864
ks = [4, 5, 6]
[[err]]
derivatives = [1.8281569957649146, 14.14993536131593, -37.659657683371776]
total = -1.5724101715212028e-6
terms = [2.1069148299654932e-7, -4.7926139749387767e-17, -1.7831016544698259e-6]
coeffs = [0.006481481481993493, -1.697723443309466e-12, 0.2115226337634441]
center = [1.5707963267948966, 1.5707963267948966, 1.5707963267948966, 1.5707963267948966]
h = 0.1121997376282069
ks = [4, 5, 6]
[[err]]
derivatives = [1.8281569957649866, 14.149935361316272, -37.65965768337164]
total = -1.3665906556721031e-6
terms = [1.8309948123438295e-7, 7.765378806786735e-17, -1.5496901369841398e-6]
coeffs = [0.0067129629642295185, 3.395446886618932e-12, 0.23502030055969955]
center = [1.5707963267948966, 1.5707963267948966, 1.5707963267948966, 1.5707963267948966]
h = 0.10833078115826873
ks = [4, 5, 6]
