use_error_jet = true
b = 3.141592653589793
h = [1.5707963267948966, 1.0471975511965976, 0.7853981633974483, 0.6283185307179586, 0.5235987755982988, 0.4487989505128276, 0.39269908169872414, 0.3490658503988659]
a = 0.0
boundary = "LU_EXEX"
avg = [2.0000000000791305, 2.0000000000013034, 2.000000000000072, 2.0000000000000075, 2.0000000000000013, 2.0000000000000004, 2.0, 1.9999999999999993]
rule = "gauss_p5"
nerr_terms = 3
fit_terms = 4
err_total = [7.905853749434755e-11, 1.3020695632803836e-12, 7.194245199571014e-14, 7.105427357601002e-15, 8.881784197001252e-16, 0.0, 4.440892098500626e-16, 2.220446049250313e-16]
err_method = "refinement"
dim = 1
ff_shift = 0

[[err]]
h_coarse = 1.5707963267948966
method = "gauss_refinement_difference"
N_coarse = 2
estimate = 7.905853749434755e-11
boundary = "LU_EXEX"
err_format = "refinement"
signed_diff = -7.905853749434755e-11
q_coarse = 2.0000000000791305
reference = 2.000000000000072
rule = "gauss_p5"
q_fine = 2.000000000000072
h_fine = 0.7853981633974483
dim = 1
N_fine = 4
[[err]]
h_coarse = 1.0471975511965976
method = "gauss_refinement_difference"
N_coarse = 3
estimate = 1.3020695632803836e-12
boundary = "LU_EXEX"
err_format = "refinement"
signed_diff = -1.3020695632803836e-12
q_coarse = 2.0000000000013034
reference = 2.0000000000000013
rule = "gauss_p5"
q_fine = 2.0000000000000013
h_fine = 0.5235987755982988
dim = 1
N_fine = 6
[[err]]
h_coarse = 0.7853981633974483
method = "gauss_refinement_difference"
N_coarse = 4
estimate = 7.194245199571014e-14
boundary = "LU_EXEX"
err_format = "refinement"
signed_diff = -7.194245199571014e-14
q_coarse = 2.000000000000072
reference = 2.0
rule = "gauss_p5"
q_fine = 2.0
h_fine = 0.39269908169872414
dim = 1
N_fine = 8
[[err]]
h_coarse = 0.6283185307179586
method = "gauss_refinement_difference"
N_coarse = 5
estimate = 7.105427357601002e-15
boundary = "LU_EXEX"
err_format = "refinement"
signed_diff = -7.105427357601002e-15
q_coarse = 2.0000000000000075
reference = 2.0000000000000004
rule = "gauss_p5"
q_fine = 2.0000000000000004
h_fine = 0.3141592653589793
dim = 1
N_fine = 10
[[err]]
h_coarse = 0.5235987755982988
method = "gauss_refinement_difference"
N_coarse = 6
estimate = 8.881784197001252e-16
boundary = "LU_EXEX"
err_format = "refinement"
signed_diff = -8.881784197001252e-16
q_coarse = 2.0000000000000013
reference = 2.0000000000000004
rule = "gauss_p5"
q_fine = 2.0000000000000004
h_fine = 0.2617993877991494
dim = 1
N_fine = 12
[[err]]
h_coarse = 0.4487989505128276
method = "gauss_refinement_difference"
N_coarse = 7
estimate = 0.0
boundary = "LU_EXEX"
err_format = "refinement"
signed_diff = 0.0
q_coarse = 2.0000000000000004
reference = 2.0000000000000004
rule = "gauss_p5"
q_fine = 2.0000000000000004
h_fine = 0.2243994752564138
dim = 1
N_fine = 14
[[err]]
h_coarse = 0.39269908169872414
method = "gauss_refinement_difference"
N_coarse = 8
estimate = 4.440892098500626e-16
boundary = "LU_EXEX"
err_format = "refinement"
signed_diff = 4.440892098500626e-16
q_coarse = 2.0
reference = 2.0000000000000004
rule = "gauss_p5"
q_fine = 2.0000000000000004
h_fine = 0.19634954084936207
dim = 1
N_fine = 16
[[err]]
h_coarse = 0.3490658503988659
method = "gauss_refinement_difference"
N_coarse = 9
estimate = 2.220446049250313e-16
boundary = "LU_EXEX"
err_format = "refinement"
signed_diff = -2.220446049250313e-16
q_coarse = 1.9999999999999993
reference = 1.9999999999999991
rule = "gauss_p5"
q_fine = 1.9999999999999991
h_fine = 0.17453292519943295
dim = 1
N_fine = 18
