use_error_jet = true
b = 3.141592653589793
h = [0.19634954084936207, 0.13659098493868665, 0.10471975511965977, 0.08490790955648089, 0.07139983303613166, 0.06159985595274104, 0.054165390579134366, 0.0483321946706122]
a = 0.0
boundary = "LU_EXEX"
avg = [1.9999998308632774, 1.999999995487958, 1.9999999997018294, 1.9999999999670424, 1.999999999995014, 1.999999999999092, 1.999999999999823, 1.9999999999999702]
rule = "newton_p8"
nerr_terms = 3
fit_terms = 4
err_total = [1.688385520282054e-7, 4.507056061697767e-9, 2.979936297720087e-10, 3.295852479823225e-11, 4.9900084064802286e-12, 9.106049247975534e-13, 1.7785772854495008e-13, 3.064215547965432e-14]
err_method = "refinement"
dim = 1
ff_shift = 0

[[err]]
h_coarse = 0.19634954084936207
method = "newton_cotes_refinement_difference"
N_coarse = 16
estimate = 1.688385520282054e-7
boundary = "LU_EXEX"
err_format = "refinement"
signed_diff = 1.688385520282054e-7
q_coarse = 1.9999998308632774
reference = 1.9999999997018294
rule = "newton_p8"
q_fine = 1.9999999997018294
h_fine = 0.10471975511965977
dim = 1
N_fine = 32
[[err]]
h_coarse = 0.13659098493868665
method = "newton_cotes_refinement_difference"
N_coarse = 23
estimate = 4.507056061697767e-9
boundary = "LU_EXEX"
err_format = "refinement"
signed_diff = 4.507056061697767e-9
q_coarse = 1.999999995487958
reference = 1.999999999995014
rule = "newton_p8"
q_fine = 1.999999999995014
h_fine = 0.07139983303613166
dim = 1
N_fine = 46
[[err]]
h_coarse = 0.10471975511965977
method = "newton_cotes_refinement_difference"
N_coarse = 30
estimate = 2.979936297720087e-10
boundary = "LU_EXEX"
err_format = "refinement"
signed_diff = 2.979936297720087e-10
q_coarse = 1.9999999997018294
reference = 1.999999999999823
rule = "newton_p8"
q_fine = 1.999999999999823
h_fine = 0.054165390579134366
dim = 1
N_fine = 60
[[err]]
h_coarse = 0.08490790955648089
method = "newton_cotes_refinement_difference"
N_coarse = 37
estimate = 3.295852479823225e-11
boundary = "LU_EXEX"
err_format = "refinement"
signed_diff = 3.295852479823225e-11
q_coarse = 1.9999999999670424
reference = 2.000000000000001
rule = "newton_p8"
q_fine = 2.000000000000001
h_fine = 0.04363323129985824
dim = 1
N_fine = 74
[[err]]
h_coarse = 0.07139983303613166
method = "newton_cotes_refinement_difference"
N_coarse = 44
estimate = 4.9900084064802286e-12
boundary = "LU_EXEX"
err_format = "refinement"
signed_diff = 4.9900084064802286e-12
q_coarse = 1.999999999995014
reference = 2.000000000000004
rule = "newton_p8"
q_fine = 2.000000000000004
h_fine = 0.03653014713476504
dim = 1
N_fine = 88
[[err]]
h_coarse = 0.06159985595274104
method = "newton_cotes_refinement_difference"
N_coarse = 51
estimate = 9.106049247975534e-13
boundary = "LU_EXEX"
err_format = "refinement"
signed_diff = 9.106049247975534e-13
q_coarse = 1.999999999999092
reference = 2.0000000000000027
rule = "newton_p8"
q_fine = 2.0000000000000027
h_fine = 0.031415926535897934
dim = 1
N_fine = 102
[[err]]
h_coarse = 0.054165390579134366
method = "newton_cotes_refinement_difference"
N_coarse = 58
estimate = 1.7785772854495008e-13
boundary = "LU_EXEX"
err_format = "refinement"
signed_diff = 1.7785772854495008e-13
q_coarse = 1.999999999999823
reference = 2.000000000000001
rule = "newton_p8"
q_fine = 2.000000000000001
h_fine = 0.02755783029464731
dim = 1
N_fine = 116
[[err]]
h_coarse = 0.0483321946706122
method = "newton_cotes_refinement_difference"
N_coarse = 65
estimate = 3.064215547965432e-14
boundary = "LU_EXEX"
err_format = "refinement"
signed_diff = 3.064215547965432e-14
q_coarse = 1.9999999999999702
reference = 2.000000000000001
rule = "newton_p8"
q_fine = 2.000000000000001
h_fine = 0.02454369260617026
dim = 1
N_fine = 130
