use_error_jet = true
b = 3.141592653589793
h = [0.15707963267948966, 0.10833078115826873, 0.08267349088394192, 0.06684239688488922, 0.05609986881410345, 0.0483321946706122, 0.042453954778240446, 0.03785051389867221]
a = 0.0
boundary = "LU_EXEX"
avg = [2.0000000005397855, 2.000000000006355, 2.0000000000002363, 2.0000000000000178, 2.0000000000000018, 2.0000000000000004, 1.9999999999999991, 2.0000000000000004]
rule = "newton_p10"
nerr_terms = 3
fit_terms = 4
err_total = [5.395492941318025e-10, 6.353140236114996e-12, 2.3714363805993344e-13, 1.7763568394002505e-14, 2.6645352591003757e-15, 1.1102230246251565e-15, 1.7763568394002505e-15, 0.0]
err_method = "refinement"
dim = 1
ff_shift = 0

[[err]]
h_coarse = 0.15707963267948966
method = "newton_cotes_refinement_difference"
N_coarse = 20
estimate = 5.395492941318025e-10
boundary = "LU_EXEX"
err_format = "refinement"
signed_diff = -5.395492941318025e-10
q_coarse = 2.0000000005397855
reference = 2.0000000000002363
rule = "newton_p10"
q_fine = 2.0000000000002363
h_fine = 0.08267349088394192
dim = 1
N_fine = 40
[[err]]
h_coarse = 0.10833078115826873
method = "newton_cotes_refinement_difference"
N_coarse = 29
estimate = 6.353140236114996e-12
boundary = "LU_EXEX"
err_format = "refinement"
signed_diff = -6.353140236114996e-12
q_coarse = 2.000000000006355
reference = 2.0000000000000018
rule = "newton_p10"
q_fine = 2.0000000000000018
h_fine = 0.05609986881410345
dim = 1
N_fine = 58
[[err]]
h_coarse = 0.08267349088394192
method = "newton_cotes_refinement_difference"
N_coarse = 38
estimate = 2.3714363805993344e-13
boundary = "LU_EXEX"
err_format = "refinement"
signed_diff = -2.3714363805993344e-13
q_coarse = 2.0000000000002363
reference = 1.9999999999999991
rule = "newton_p10"
q_fine = 1.9999999999999991
h_fine = 0.042453954778240446
dim = 1
N_fine = 76
[[err]]
h_coarse = 0.06684239688488922
method = "newton_cotes_refinement_difference"
N_coarse = 47
estimate = 1.7763568394002505e-14
boundary = "LU_EXEX"
err_format = "refinement"
signed_diff = -1.7763568394002505e-14
q_coarse = 2.0000000000000178
reference = 2.0
rule = "newton_p10"
q_fine = 2.0
h_fine = 0.034147746234671664
dim = 1
N_fine = 94
[[err]]
h_coarse = 0.05609986881410345
method = "newton_cotes_refinement_difference"
N_coarse = 56
estimate = 2.6645352591003757e-15
boundary = "LU_EXEX"
err_format = "refinement"
signed_diff = -2.6645352591003757e-15
q_coarse = 2.0000000000000018
reference = 1.9999999999999991
rule = "newton_p10"
q_fine = 1.9999999999999991
h_fine = 0.028559933214452663
dim = 1
N_fine = 112
[[err]]
h_coarse = 0.0483321946706122
method = "newton_cotes_refinement_difference"
N_coarse = 65
estimate = 1.1102230246251565e-15
boundary = "LU_EXEX"
err_format = "refinement"
signed_diff = -1.1102230246251565e-15
q_coarse = 2.0000000000000004
reference = 1.9999999999999993
rule = "newton_p10"
q_fine = 1.9999999999999993
h_fine = 0.02454369260617026
dim = 1
N_fine = 130
[[err]]
h_coarse = 0.042453954778240446
method = "newton_cotes_refinement_difference"
N_coarse = 74
estimate = 1.7763568394002505e-15
boundary = "LU_EXEX"
err_format = "refinement"
signed_diff = 1.7763568394002505e-15
q_coarse = 1.9999999999999991
reference = 2.000000000000001
rule = "newton_p10"
q_fine = 2.000000000000001
h_fine = 0.021517757901299953
dim = 1
N_fine = 148
[[err]]
h_coarse = 0.03785051389867221
method = "newton_cotes_refinement_difference"
N_coarse = 83
estimate = 0.0
boundary = "LU_EXEX"
err_format = "refinement"
signed_diff = 0.0
q_coarse = 2.0000000000000004
reference = 2.0000000000000004
rule = "newton_p10"
q_fine = 2.0000000000000004
h_fine = 0.019156052765791423
dim = 1
N_fine = 166
