use_error_jet = false
b = 3.141592653589793
h = [1.5707963267948966, 1.0471975511965976, 0.7853981633974483, 0.6283185307179586, 0.5235987755982988, 0.4487989505128276, 0.39269908169872414, 0.3490658503988659]
a = 0.0
boundary = "LU_EXEX"
avg = [1.9999999543942306, 1.9999999983080423, 1.9999999998335218, 1.9999999999722913, 1.9999999999935836, 1.9999999999981353, 1.9999999999993598, 1.9999999999997509]
rule = "gauss_p4"
nerr_terms = 3
fit_terms = 4
err_total = [4.5644404932608e-8, 1.4653677128558744e-9, 1.1771903220109543e-10, 1.628693511023474e-11, 3.2082491470173266e-12, 8.090407048398383e-13, 2.4477704698465763e-13, 8.516520434137621e-14]
err_method = "forwarddiff"
dim = 1
ff_shift = 0

[[err]]
err_format = "standard"
derivatives = [1.0, -1.0, 1.0]
total = 4.5644404932608e-8
terms = [6.548619787326979e-8, -2.1194353746760364e-8, 1.3525608060985733e-9]
coeffs = [1.1247885397696076e-9, 1.4753719807190856e-10, 3.815912407241898e-12]
center = 1.5707963267948966
h = 1.5707963267948966
ks = [8, 10, 12]
[[err]]
err_format = "standard"
derivatives = [1.0, -1.0, 1.0]
total = 1.4653677128558744e-9
terms = [1.7034462892401622e-9, -2.4502834636412237e-10, 6.949769979834389e-12]
coeffs = [1.1247885397696076e-9, 1.4753719807190856e-10, 3.815912407241898e-12]
center = 1.5707963267948966
h = 1.0471975511965976
ks = [8, 10, 12]
[[err]]
err_format = "standard"
derivatives = [1.0, -1.0, 1.0]
total = 1.1771903220109543e-10
terms = [1.2790273022123005e-10, -1.0348805540410334e-11, 1.6510752027570475e-13]
coeffs = [1.1247885397696076e-9, 1.4753719807190856e-10, 3.815912407241898e-12]
center = 1.5707963267948966
h = 0.7853981633974483
ks = [8, 10, 12]
[[err]]
err_format = "standard"
derivatives = [1.0, -1.0, 1.0]
total = 1.628693511023474e-11
terms = [1.716681385529044e-11, -8.889556269745198e-13, 9.076881918819953e-15]
coeffs = [1.1247885397696076e-9, 1.4753719807190856e-10, 3.815912407241898e-12]
center = 1.5707963267948966
h = 0.6283185307179586
ks = [8, 10, 12]
[[err]]
err_format = "standard"
derivatives = [1.0, -1.0, 1.0]
total = 3.2082491470173266e-12
terms = [3.3270435336721918e-12, -1.1964274724810662e-13, 8.483605932415026e-16]
coeffs = [1.1247885397696076e-9, 1.4753719807190856e-10, 3.815912407241898e-12]
center = 1.5707963267948966
h = 0.5235987755982988
ks = [8, 10, 12]
[[err]]
err_format = "standard"
derivatives = [1.0, -1.0, 1.0]
total = 8.090407048398383e-13
terms = [8.308782238751083e-13, -2.1951878528436624e-14, 1.143594931666161e-16]
coeffs = [1.1247885397696076e-9, 1.4753719807190856e-10, 3.815912407241898e-12]
center = 1.5707963267948966
h = 0.4487989505128276
ks = [8, 10, 12]
[[err]]
err_format = "standard"
derivatives = [1.0, -1.0, 1.0]
total = 2.4477704698465763e-13
terms = [2.4981001996333995e-13, -5.0531277052784834e-15, 2.0154726596155365e-17]
coeffs = [1.1247885397696076e-9, 1.4753719807190856e-10, 3.815912407241898e-12]
center = 1.5707963267948966
h = 0.39269908169872414
ks = [8, 10, 12]
[[err]]
err_format = "standard"
derivatives = [1.0, -1.0, 1.0]
total = 8.516520434137621e-14
terms = [8.65440374556807e-14, -1.3831921870769618e-15, 4.359072772477342e-18]
coeffs = [1.1247885397696076e-9, 1.4753719807190856e-10, 3.815912407241898e-12]
center = 1.5707963267948966
h = 0.3490658503988659
ks = [8, 10, 12]
