use_error_jet = false
b = 3.141592653589793
h = [0.241660973353061, 0.2243994752564138, 0.20943951023931953, 0.19634954084936207, 0.18479956785822313]
a = 0.0
boundary = "LU_EXEX"
avg = [0.7741751893055604, 0.7741193101820071, 0.7740742149914525, 0.7740372980618931, 0.774006695510101]
rule = "gauss_p4"
nerr_terms = 3
fit_terms = 4
err_total = [0.0003044762190841377, 0.00026259261061700734, 0.00022878921515689932, 0.0002011144090220407, 0.00017817192361402334]
err_method = "refinement"
dim = 4
ff_shift = 0

[[err]]
h_coarse = 0.241660973353061
method = "gauss_refinement_difference"
N_coarse = 13
estimate = 0.0003044762190841377
boundary = "LU_EXEX"
err_format = "refinement"
signed_diff = -0.0003044762190841377
q_coarse = 0.7741751893055603
reference = 0.7738707130864761
rule = "gauss_p4"
q_fine = 0.7738707130864761
h_fine = 0.1208304866765305
dim = 4
N_fine = 26
[[err]]
h_coarse = 0.2243994752564138
method = "gauss_refinement_difference"
N_coarse = 14
estimate = 0.00026259261061700734
boundary = "LU_EXEX"
err_format = "refinement"
signed_diff = -0.00026259261061700734
q_coarse = 0.7741193101820071
reference = 0.7738567175713901
rule = "gauss_p4"
q_fine = 0.7738567175713901
h_fine = 0.1121997376282069
dim = 4
N_fine = 28
[[err]]
h_coarse = 0.20943951023931953
method = "gauss_refinement_difference"
N_coarse = 15
estimate = 0.00022878921515689932
boundary = "LU_EXEX"
err_format = "refinement"
signed_diff = -0.00022878921515689932
q_coarse = 0.7740742149914523
reference = 0.7738454257762954
rule = "gauss_p4"
q_fine = 0.7738454257762954
h_fine = 0.10471975511965977
dim = 4
N_fine = 30
[[err]]
h_coarse = 0.19634954084936207
method = "gauss_refinement_difference"
N_coarse = 16
estimate = 0.0002011144090220407
boundary = "LU_EXEX"
err_format = "refinement"
signed_diff = -0.0002011144090220407
q_coarse = 0.7740372980618929
reference = 0.7738361836528709
rule = "gauss_p4"
q_fine = 0.7738361836528709
h_fine = 0.09817477042468103
dim = 4
N_fine = 32
[[err]]
h_coarse = 0.18479956785822313
method = "gauss_refinement_difference"
N_coarse = 17
estimate = 0.00017817192361402334
boundary = "LU_EXEX"
err_format = "refinement"
signed_diff = -0.00017817192361402334
q_coarse = 0.774006695510101
reference = 0.773828523586487
rule = "gauss_p4"
q_fine = 0.773828523586487
h_fine = 0.09239978392911156
dim = 4
N_fine = 34
