use_error_jet = true
b = 3.141592653589793
h = [0.39269908169872414, 0.28559933214452665, 0.2243994752564138, 0.18479956785822313, 0.15707963267948966, 0.13659098493868665, 0.1208304866765305, 0.10833078115826873]
a = 0.0
boundary = "LU_EXEX"
avg = [1.9959785849123546, 1.9994384920637698, 1.9998874652925678, 1.9999735092358102, 1.9999940616032956, 1.9999995075799413, 2.0000009075592544, 2.0000011412294816]
rule = "newton_p4"
nerr_terms = 3
fit_terms = 4
err_total = [0.0039949243234556064, 0.0005610155161714925, 0.00011367593691380407, 2.7366402827855296e-5, 6.510502098988624e-6, 8.636636634751227e-7, 6.611397314060241e-7, 9.72966847534451e-7]
err_method = "refinement"
dim = 1
ff_shift = 0

[[err]]
h_coarse = 0.39269908169872414
method = "newton_cotes_refinement_difference"
N_coarse = 8
estimate = 0.0039949243234556064
boundary = "LU_EXEX"
err_format = "refinement"
signed_diff = 0.0039949243234556064
q_coarse = 1.9959785849123546
reference = 1.9999735092358102
rule = "newton_p4"
q_fine = 1.9999735092358102
h_fine = 0.18479956785822313
dim = 1
N_fine = 16
[[err]]
h_coarse = 0.28559933214452665
method = "newton_cotes_refinement_difference"
N_coarse = 11
estimate = 0.0005610155161714925
boundary = "LU_EXEX"
err_format = "refinement"
signed_diff = 0.0005610155161714925
q_coarse = 1.9994384920637698
reference = 1.9999995075799413
rule = "newton_p4"
q_fine = 1.9999995075799413
h_fine = 0.13659098493868665
dim = 1
N_fine = 22
[[err]]
h_coarse = 0.2243994752564138
method = "newton_cotes_refinement_difference"
N_coarse = 14
estimate = 0.00011367593691380407
boundary = "LU_EXEX"
err_format = "refinement"
signed_diff = 0.00011367593691380407
q_coarse = 1.9998874652925678
reference = 2.0000011412294816
rule = "newton_p4"
q_fine = 2.0000011412294816
h_fine = 0.10833078115826873
dim = 1
N_fine = 28
[[err]]
h_coarse = 0.18479956785822313
method = "newton_cotes_refinement_difference"
N_coarse = 17
estimate = 2.7366402827855296e-5
boundary = "LU_EXEX"
err_format = "refinement"
signed_diff = 2.7366402827855296e-5
q_coarse = 1.9999735092358102
reference = 2.000000875638638
rule = "newton_p4"
q_fine = 2.000000875638638
h_fine = 0.08975979010256552
dim = 1
N_fine = 34
[[err]]
h_coarse = 0.15707963267948966
method = "newton_cotes_refinement_difference"
N_coarse = 20
estimate = 6.510502098988624e-6
boundary = "LU_EXEX"
err_format = "refinement"
signed_diff = 6.510502098988624e-6
q_coarse = 1.9999940616032956
reference = 2.0000005721053946
rule = "newton_p4"
q_fine = 2.0000005721053946
h_fine = 0.07662421106316569
dim = 1
N_fine = 40
[[err]]
h_coarse = 0.13659098493868665
method = "newton_cotes_refinement_difference"
N_coarse = 23
estimate = 8.636636634751227e-7
boundary = "LU_EXEX"
err_format = "refinement"
signed_diff = 8.636636634751227e-7
q_coarse = 1.9999995075799413
reference = 2.0000003712436047
rule = "newton_p4"
q_fine = 2.0000003712436047
h_fine = 0.06684239688488922
dim = 1
N_fine = 46
[[err]]
h_coarse = 0.1208304866765305
method = "newton_cotes_refinement_difference"
N_coarse = 26
estimate = 6.611397314060241e-7
boundary = "LU_EXEX"
err_format = "refinement"
signed_diff = -6.611397314060241e-7
q_coarse = 2.0000009075592544
reference = 2.000000246419523
rule = "newton_p4"
q_fine = 2.000000246419523
h_fine = 0.05927533308659987
dim = 1
N_fine = 52
[[err]]
h_coarse = 0.10833078115826873
method = "newton_cotes_refinement_difference"
N_coarse = 29
estimate = 9.72966847534451e-7
boundary = "LU_EXEX"
err_format = "refinement"
signed_diff = -9.72966847534451e-7
q_coarse = 2.0000011412294816
reference = 2.000000168262634
rule = "newton_p4"
q_fine = 2.000000168262634
h_fine = 0.05324733311169141
dim = 1
N_fine = 58
