use_cuda = false
use_error_jet = true
b = 1.0
a = 0.0
h = [0.058823529411764705, 0.05555555555555555, 0.05263157894736842, 0.05, 0.047619047619047616, 0.045454545454545456, 0.043478260869565216]
boundary = "LU_EXEX"
avg = [4.792009568969548, 4.792009568969937, 4.7920095689718885, 4.792009568973129, 4.792009568973517, 4.792009568973479, 4.792009568973347]
real_type = "Float64"
rule = "gauss_p12"
nerr_terms = 3
fit_terms = 4
err_total = [3.6779468359782186e-12, 3.2889246881495637e-12, 1.3367085216486885e-12, 9.059419880941277e-14, 2.886579864025407e-13, 2.637889906509372e-13, 1.3233858453531866e-13]
err_method = "refinement"
dim = 1
ff_shift = 0

[[err]]
h_coarse = 0.058823529411764705
method = "gauss_refinement_difference"
N_coarse = 17
estimate = 3.6779468359782186e-12
boundary = "LU_EXEX"
err_format = "refinement"
signed_diff = 3.6779468359782186e-12
q_coarse = 4.792009568969548
reference = 4.792009568973226
rule = "gauss_p12"
q_fine = 4.792009568973226
h_fine = 0.029411764705882353
dim = 1
N_fine = 34
[[err]]
h_coarse = 0.05555555555555555
method = "gauss_refinement_difference"
N_coarse = 18
estimate = 3.2889246881495637e-12
boundary = "LU_EXEX"
err_format = "refinement"
signed_diff = 3.2889246881495637e-12
q_coarse = 4.792009568969937
reference = 4.792009568973226
rule = "gauss_p12"
q_fine = 4.792009568973226
h_fine = 0.027777777777777776
dim = 1
N_fine = 36
[[err]]
h_coarse = 0.05263157894736842
method = "gauss_refinement_difference"
N_coarse = 19
estimate = 1.3367085216486885e-12
boundary = "LU_EXEX"
err_format = "refinement"
signed_diff = 1.3367085216486885e-12
q_coarse = 4.7920095689718885
reference = 4.792009568973225
rule = "gauss_p12"
q_fine = 4.792009568973225
h_fine = 0.02631578947368421
dim = 1
N_fine = 38
[[err]]
h_coarse = 0.05
method = "gauss_refinement_difference"
N_coarse = 20
estimate = 9.059419880941277e-14
boundary = "LU_EXEX"
err_format = "refinement"
signed_diff = 9.059419880941277e-14
q_coarse = 4.792009568973129
reference = 4.79200956897322
rule = "gauss_p12"
q_fine = 4.79200956897322
h_fine = 0.025
dim = 1
N_fine = 40
[[err]]
h_coarse = 0.047619047619047616
method = "gauss_refinement_difference"
N_coarse = 21
estimate = 2.886579864025407e-13
boundary = "LU_EXEX"
err_format = "refinement"
signed_diff = -2.886579864025407e-13
q_coarse = 4.792009568973517
reference = 4.792009568973229
rule = "gauss_p12"
q_fine = 4.792009568973229
h_fine = 0.023809523809523808
dim = 1
N_fine = 42
[[err]]
h_coarse = 0.045454545454545456
method = "gauss_refinement_difference"
N_coarse = 22
estimate = 2.637889906509372e-13
boundary = "LU_EXEX"
err_format = "refinement"
signed_diff = -2.637889906509372e-13
q_coarse = 4.792009568973479
reference = 4.792009568973215
rule = "gauss_p12"
q_fine = 4.792009568973215
h_fine = 0.022727272727272728
dim = 1
N_fine = 44
[[err]]
h_coarse = 0.043478260869565216
method = "gauss_refinement_difference"
N_coarse = 23
estimate = 1.3233858453531866e-13
boundary = "LU_EXEX"
err_format = "refinement"
signed_diff = -1.3233858453531866e-13
q_coarse = 4.792009568973347
reference = 4.7920095689732145
rule = "gauss_p12"
q_fine = 4.7920095689732145
h_fine = 0.021739130434782608
dim = 1
N_fine = 46
