use_error_jet = true
b = 3.141592653589793
h = [0.17453292519943295, 0.1208304866765305, 0.09239978392911156, 0.07479982508547127, 0.06283185307179587, 0.054165390579134366, 0.04759988869075444, 0.042453954778240446]
a = 0.0
boundary = "LU_EXEX"
avg = [2.000000010448096, 2.00000000032268, 2.000000000023663, 2.0000000000029563, 2.000000000000526, 2.0000000000001195, 2.000000000000033, 2.0000000000000098]
rule = "newton_p9"
nerr_terms = 3
fit_terms = 4
err_total = [1.042443331655818e-8, 3.2215430323390137e-10, 2.3629986856121832e-11, 2.9527491562930663e-12, 5.24913446042774e-13, 1.2034817586936697e-13, 3.3084646133829665e-14, 8.881784197001252e-15]
err_method = "refinement"
dim = 1
ff_shift = 0

[[err]]
h_coarse = 0.17453292519943295
method = "newton_cotes_refinement_difference"
N_coarse = 18
estimate = 1.042443331655818e-8
boundary = "LU_EXEX"
err_format = "refinement"
signed_diff = -1.042443331655818e-8
q_coarse = 2.000000010448096
reference = 2.000000000023663
rule = "newton_p9"
q_fine = 2.000000000023663
h_fine = 0.09239978392911156
dim = 1
N_fine = 36
[[err]]
h_coarse = 0.1208304866765305
method = "newton_cotes_refinement_difference"
N_coarse = 26
estimate = 3.2215430323390137e-10
boundary = "LU_EXEX"
err_format = "refinement"
signed_diff = -3.2215430323390137e-10
q_coarse = 2.00000000032268
reference = 2.000000000000526
rule = "newton_p9"
q_fine = 2.000000000000526
h_fine = 0.06283185307179587
dim = 1
N_fine = 52
[[err]]
h_coarse = 0.09239978392911156
method = "newton_cotes_refinement_difference"
N_coarse = 34
estimate = 2.3629986856121832e-11
boundary = "LU_EXEX"
err_format = "refinement"
signed_diff = -2.3629986856121832e-11
q_coarse = 2.000000000023663
reference = 2.000000000000033
rule = "newton_p9"
q_fine = 2.000000000000033
h_fine = 0.04759988869075444
dim = 1
N_fine = 68
[[err]]
h_coarse = 0.07479982508547127
method = "newton_cotes_refinement_difference"
N_coarse = 42
estimate = 2.9527491562930663e-12
boundary = "LU_EXEX"
err_format = "refinement"
signed_diff = -2.9527491562930663e-12
q_coarse = 2.0000000000029563
reference = 2.0000000000000036
rule = "newton_p9"
q_fine = 2.0000000000000036
h_fine = 0.038312105531582846
dim = 1
N_fine = 84
[[err]]
h_coarse = 0.06283185307179587
method = "newton_cotes_refinement_difference"
N_coarse = 50
estimate = 5.24913446042774e-13
boundary = "LU_EXEX"
err_format = "refinement"
signed_diff = -5.24913446042774e-13
q_coarse = 2.000000000000526
reference = 2.000000000000001
rule = "newton_p9"
q_fine = 2.000000000000001
h_fine = 0.0320570678937734
dim = 1
N_fine = 100
[[err]]
h_coarse = 0.054165390579134366
method = "newton_cotes_refinement_difference"
N_coarse = 58
estimate = 1.2034817586936697e-13
boundary = "LU_EXEX"
err_format = "refinement"
signed_diff = -1.2034817586936697e-13
q_coarse = 2.0000000000001195
reference = 1.9999999999999991
rule = "newton_p9"
q_fine = 1.9999999999999991
h_fine = 0.02755783029464731
dim = 1
N_fine = 116
[[err]]
h_coarse = 0.04759988869075444
method = "newton_cotes_refinement_difference"
N_coarse = 66
estimate = 3.3084646133829665e-14
boundary = "LU_EXEX"
err_format = "refinement"
signed_diff = -3.3084646133829665e-14
q_coarse = 2.000000000000033
reference = 1.9999999999999998
rule = "newton_p9"
q_fine = 1.9999999999999998
h_fine = 0.0241660973353061
dim = 1
N_fine = 132
[[err]]
h_coarse = 0.042453954778240446
method = "newton_cotes_refinement_difference"
N_coarse = 74
estimate = 8.881784197001252e-15
boundary = "LU_EXEX"
err_format = "refinement"
signed_diff = -8.881784197001252e-15
q_coarse = 2.0000000000000098
reference = 2.000000000000001
rule = "newton_p9"
q_fine = 2.000000000000001
h_fine = 0.021517757901299953
dim = 1
N_fine = 148
