use_threads = true
b = 3.141592653589793
h = [0.7853981633974483, 0.6283185307179586, 0.5235987755982988]
a = 0.0
boundary = "LU_EXEX"
avg = [1.999999999833522, 1.9999999999722917, 1.9999999999935836]
rule = "gauss_p4"
nerr_terms = 3
fit_terms = 4
err_total = [1.6698052168081481e-10, 2.780609242126793e-11, 5.973691005145631e-12]
err_method = "forwarddiff"
dim = 1
ff_shift = 0

[[err]]
derivatives = [1.0, -1.0, 1.0]
total = 1.6698052168081481e-10
terms = [2.558054606746321e-10, -9.959444540804312e-11, 1.0769506414225862e-11]
coeffs = [2.249577081580957e-9, 1.4198629360317195e-9, 2.489014012038481e-10]
center = 1.5707963267948966
h = 0.7853981633974483
ks = [8, 10, 12]
[[err]]
derivatives = [1.0, -1.0, 1.0]
total = 2.780609242126793e-11
terms = [4.2917034839899186e-11, -1.7047484464908643e-11, 1.9365420462773873e-12]
coeffs = [2.811971362637862e-9, 2.8293179274730013e-9, 8.14120409147748e-10]
center = 1.5707963267948966
h = 0.6283185307179586
ks = [8, 10, 12]
[[err]]
derivatives = [1.0, -1.0, -6.123233995736766e-17]
total = 5.973691005145631e-12
terms = [9.981130751337962e-12, -4.007439746192331e-12, -9.478263144946589e-39]
coeffs = [3.3743656701286482e-9, 4.941765758430238e-9, 3.6455615751680627e-19]
center = 1.5707963267948966
h = 0.5235987755982988
ks = [8, 10, 11]
