use_cuda = false
nsamples = [13, 14, 15, 16, 17]
use_error_jet = false
b = 3.141592653589793
a = 0.0
h = [0.241660973353061, 0.2243994752564138, 0.20943951023931953, 0.19634954084936207, 0.18479956785822313]
boundary = "LU_EXEX"
tuple_h = [0.241660973353061, 0.2243994752564138, 0.20943951023931953, 0.19634954084936207, 0.18479956785822313]
avg = [0.7741751893055602, 0.774119310182007, 0.7740742149914522, 0.7740372980618928, 0.7740066955101012]
real_type = "Float64"
rule = "gauss_p4"
nerr_terms = 3
fit_terms = 4
err_total = [0.0003044762190842487, 0.00026259261061656325, 0.00022878921515656625, 0.0002011144090220407, 0.00017817192361391232]
err_method = "refinement"
dim = 4
ff_shift = 0

[[err]]
h_coarse = 0.241660973353061
method = "gauss_refinement_difference"
N_coarse = 13
estimate = 0.0003044762190842487
boundary = "LU_EXEX"
err_format = "refinement"
signed_diff = -0.0003044762190842487
q_coarse = 0.7741751893055602
reference = 0.7738707130864759
rule = "gauss_p4"
q_fine = 0.7738707130864759
h_fine = 0.1208304866765305
dim = 4
N_fine = 26
[[err]]
h_coarse = 0.2243994752564138
method = "gauss_refinement_difference"
N_coarse = 14
estimate = 0.00026259261061656325
boundary = "LU_EXEX"
err_format = "refinement"
signed_diff = -0.00026259261061656325
q_coarse = 0.774119310182007
reference = 0.7738567175713904
rule = "gauss_p4"
q_fine = 0.7738567175713904
h_fine = 0.1121997376282069
dim = 4
N_fine = 28
[[err]]
h_coarse = 0.20943951023931953
method = "gauss_refinement_difference"
N_coarse = 15
estimate = 0.00022878921515656625
boundary = "LU_EXEX"
err_format = "refinement"
signed_diff = -0.00022878921515656625
q_coarse = 0.7740742149914522
reference = 0.7738454257762957
rule = "gauss_p4"
q_fine = 0.7738454257762957
h_fine = 0.10471975511965977
dim = 4
N_fine = 30
[[err]]
h_coarse = 0.19634954084936207
method = "gauss_refinement_difference"
N_coarse = 16
estimate = 0.0002011144090220407
boundary = "LU_EXEX"
err_format = "refinement"
signed_diff = -0.0002011144090220407
q_coarse = 0.7740372980618928
reference = 0.7738361836528708
rule = "gauss_p4"
q_fine = 0.7738361836528708
h_fine = 0.09817477042468103
dim = 4
N_fine = 32
[[err]]
h_coarse = 0.18479956785822313
method = "gauss_refinement_difference"
N_coarse = 17
estimate = 0.00017817192361391232
boundary = "LU_EXEX"
err_format = "refinement"
signed_diff = -0.00017817192361391232
q_coarse = 0.7740066955101012
reference = 0.7738285235864872
rule = "gauss_p4"
q_fine = 0.7738285235864872
h_fine = 0.09239978392911156
dim = 4
N_fine = 34
