use_error_jet = false
b = 3.141592653589793
h = [1.5707963267948966, 1.0471975511965976, 0.7853981633974483, 0.6283185307179586, 0.5235987755982988, 0.4487989505128276, 0.39269908169872414, 0.3490658503988659]
a = 0.0
boundary = "LU_EXEX"
avg = [1.9999999543942306, 1.9999999983080423, 1.9999999998335218, 1.9999999999722913, 1.9999999999935836, 1.9999999999981353, 1.9999999999993598, 1.9999999999997509]
rule = "gauss_p4"
nerr_terms = 3
fit_terms = 4
err_total = [4.5439291218585254e-8, 1.6855412621197274e-9, 1.6583800999114828e-10, 2.7602364838230642e-11, 6.391553952767026e-12, 1.857181075592962e-12, 6.372680161348399e-13, 2.48245868306185e-13]
err_method = "refinement"
dim = 1
ff_shift = 0

[[err]]
h_coarse = 1.5707963267948966
method = "gauss_refinement_difference"
N_coarse = 2
estimate = 4.5439291218585254e-8
boundary = "LU_EXEX"
err_format = "bspline_refine"
signed_diff = 4.5439291218585254e-8
q_coarse = 1.9999999543942306
reference = 1.9999999998335218
rule = "gauss_p4"
q_fine = 1.9999999998335218
h_fine = 0.7853981633974483
dim = 1
N_fine = 4
[[err]]
h_coarse = 1.0471975511965976
method = "gauss_refinement_difference"
N_coarse = 3
estimate = 1.6855412621197274e-9
boundary = "LU_EXEX"
err_format = "bspline_refine"
signed_diff = 1.6855412621197274e-9
q_coarse = 1.9999999983080423
reference = 1.9999999999935836
rule = "gauss_p4"
q_fine = 1.9999999999935836
h_fine = 0.5235987755982988
dim = 1
N_fine = 6
[[err]]
h_coarse = 0.7853981633974483
method = "gauss_refinement_difference"
N_coarse = 4
estimate = 1.6583800999114828e-10
boundary = "LU_EXEX"
err_format = "bspline_refine"
signed_diff = 1.6583800999114828e-10
q_coarse = 1.9999999998335218
reference = 1.9999999999993598
rule = "gauss_p4"
q_fine = 1.9999999999993598
h_fine = 0.39269908169872414
dim = 1
N_fine = 8
[[err]]
h_coarse = 0.6283185307179586
method = "gauss_refinement_difference"
N_coarse = 5
estimate = 2.7602364838230642e-11
boundary = "LU_EXEX"
err_format = "bspline_refine"
signed_diff = 2.7602364838230642e-11
q_coarse = 1.9999999999722913
reference = 1.9999999999998936
rule = "gauss_p4"
q_fine = 1.9999999999998936
h_fine = 0.3141592653589793
dim = 1
N_fine = 10
[[err]]
h_coarse = 0.5235987755982988
method = "gauss_refinement_difference"
N_coarse = 6
estimate = 6.391553952767026e-12
boundary = "LU_EXEX"
err_format = "bspline_refine"
signed_diff = 6.391553952767026e-12
q_coarse = 1.9999999999935836
reference = 1.9999999999999751
rule = "gauss_p4"
q_fine = 1.9999999999999751
h_fine = 0.2617993877991494
dim = 1
N_fine = 12
[[err]]
h_coarse = 0.4487989505128276
method = "gauss_refinement_difference"
N_coarse = 7
estimate = 1.857181075592962e-12
boundary = "LU_EXEX"
err_format = "bspline_refine"
signed_diff = 1.857181075592962e-12
q_coarse = 1.9999999999981353
reference = 1.9999999999999925
rule = "gauss_p4"
q_fine = 1.9999999999999925
h_fine = 0.2243994752564138
dim = 1
N_fine = 14
[[err]]
h_coarse = 0.39269908169872414
method = "gauss_refinement_difference"
N_coarse = 8
estimate = 6.372680161348399e-13
boundary = "LU_EXEX"
err_format = "bspline_refine"
signed_diff = 6.372680161348399e-13
q_coarse = 1.9999999999993598
reference = 1.9999999999999971
rule = "gauss_p4"
q_fine = 1.9999999999999971
h_fine = 0.19634954084936207
dim = 1
N_fine = 16
[[err]]
h_coarse = 0.3490658503988659
method = "gauss_refinement_difference"
N_coarse = 9
estimate = 2.48245868306185e-13
boundary = "LU_EXEX"
err_format = "bspline_refine"
signed_diff = 2.48245868306185e-13
q_coarse = 1.9999999999997509
reference = 1.9999999999999991
rule = "gauss_p4"
q_fine = 1.9999999999999991
h_fine = 0.17453292519943295
dim = 1
N_fine = 18
