use_threads = false
b = 3.141592653589793
h = [0.7853981633974483, 0.6283185307179586, 0.5235987755982988]
a = 0.0
boundary = "LU_EXEX"
avg = [1.9999999998335218, 1.9999999999722913, 1.9999999999935836]
rule = "gauss_p4"
nerr_terms = 3
fit_terms = 4
err_total = [1.669805217209136e-10, 2.7806092464337738e-11, 5.973691070241384e-12]
err_method = "forwarddiff"
dim = 1
ff_shift = 0

[[err]]
derivatives = [1.0, -1.0, 1.0]
total = 1.669805217209136e-10
terms = [2.558054607147103e-10, -9.959444540804312e-11, 1.0769506414246399e-11]
coeffs = [2.2495770819334088e-9, 1.4198629360317195e-9, 2.489014012043227e-10]
center = 1.5707963267948966
h = 0.7853981633974483
ks = [8, 10, 12]
[[err]]
derivatives = [1.0, -1.0, 1.0]
total = 2.7806092464337738e-11
terms = [4.291703488293286e-11, -1.7047484464908643e-11, 1.936542046313519e-12]
coeffs = [2.811971365457476e-9, 2.8293179274730013e-9, 8.141204091629378e-10]
center = 1.5707963267948966
h = 0.6283185307179586
ks = [8, 10, 12]
[[err]]
derivatives = [1.0, -1.0, -6.123233995736766e-17]
total = 5.973691070241384e-12
terms = [9.981130818059683e-12, -4.0074397478182994e-12, 1.1847828931183237e-38]
coeffs = [3.3743656926855604e-9, 4.941765760435297e-9, -4.556951968960078e-19]
center = 1.5707963267948966
h = 0.5235987755982988
ks = [8, 10, 11]
