use_error_jet = false
b = 3.141592653589793
h = [1.5707963267948966, 1.0471975511965976]
a = 0.0
boundary = "LU_EXEX"
avg = [1.9999999543942306, 1.9999999983080423]
rule = "gauss_p4"
nerr_terms = 3
fit_terms = 4
err_total = [4.5644404932608e-8, 1.6955922598395105e-9]
err_method = "forwarddiff"
dim = 1
ff_shift = 0

[[err]]
derivatives = [1.0, -1.0, 1.0]
total = 4.5644404932608e-8
terms = [6.548619787326979e-8, -2.1194353746760364e-8, 1.3525608060985733e-9]
coeffs = [1.1247885397696076e-9, 1.4753719807190856e-10, 3.815912407241898e-12]
center = 1.5707963267948966
h = 1.5707963267948966
ks = [8, 10, 12]
[[err]]
derivatives = [1.0, -1.0, 1.0]
total = 1.6955922598395105e-9
terms = [2.555169434377858e-9, -9.513043596006897e-10, 9.172718506234212e-11]
coeffs = [1.6871828099961932e-9, 5.72802215791421e-10, 5.0364674597346306e-11]
center = 1.5707963267948966
h = 1.0471975511965976
ks = [8, 10, 12]
