use_cuda = false
use_error_jet = true
b = 3.141592653589793
a = 0.0
h = [1.5707963267948966, 1.0471975511965976, 0.7853981633974483, 0.6283185307179586, 0.5235987755982988, 0.4487989505128276, 0.39269908169872414, 0.3490658503988659]
boundary = "LU_EXEX"
avg = [2.0000000000791305, 2.000000000001303, 2.000000000000072, 2.0000000000000075, 2.0000000000000013, 2.0, 2.0, 2.0]
real_type = "Double64"
rule = "gauss_p5"
nerr_terms = 3
fit_terms = 4
err_total = [7.905819575466353e-11, 1.3018738461919187e-12, 7.209734159212587e-14, 7.724743048970426e-15, 1.2717799323657739e-15, 2.9163859926530046e-16, 9.085260971338917e-17, 3.841493389297733e-17]
err_method = "refinement"
dim = 1
ff_shift = 0

[[err]]
h_coarse = 1.5707963267948966
method = "gauss_refinement_difference"
N_coarse = 2
estimate = 7.905819575466353e-11
boundary = "LU_EXEX"
err_format = "refinement"
signed_diff = -7.905819575466353e-11
q_coarse = 2.0000000000791305
reference = 2.000000000000072
rule = "gauss_p5"
q_fine = 2.000000000000072
h_fine = 0.7853981633974483
dim = 1
N_fine = 4
[[err]]
h_coarse = 1.0471975511965976
method = "gauss_refinement_difference"
N_coarse = 3
estimate = 1.3018738461919187e-12
boundary = "LU_EXEX"
err_format = "refinement"
signed_diff = -1.3018738461919187e-12
q_coarse = 2.000000000001303
reference = 2.0000000000000013
rule = "gauss_p5"
q_fine = 2.0000000000000013
h_fine = 0.5235987755982988
dim = 1
N_fine = 6
[[err]]
h_coarse = 0.7853981633974483
method = "gauss_refinement_difference"
N_coarse = 4
estimate = 7.209734159212587e-14
boundary = "LU_EXEX"
err_format = "refinement"
signed_diff = -7.209734159212587e-14
q_coarse = 2.000000000000072
reference = 2.0
rule = "gauss_p5"
q_fine = 2.0
h_fine = 0.39269908169872414
dim = 1
N_fine = 8
[[err]]
h_coarse = 0.6283185307179586
method = "gauss_refinement_difference"
N_coarse = 5
estimate = 7.724743048970426e-15
boundary = "LU_EXEX"
err_format = "refinement"
signed_diff = -7.724743048970426e-15
q_coarse = 2.0000000000000075
reference = 2.0
rule = "gauss_p5"
q_fine = 2.0
h_fine = 0.3141592653589793
dim = 1
N_fine = 10
[[err]]
h_coarse = 0.5235987755982988
method = "gauss_refinement_difference"
N_coarse = 6
estimate = 1.2717799323657739e-15
boundary = "LU_EXEX"
err_format = "refinement"
signed_diff = -1.2717799323657739e-15
q_coarse = 2.0000000000000013
reference = 2.0
rule = "gauss_p5"
q_fine = 2.0
h_fine = 0.2617993877991494
dim = 1
N_fine = 12
[[err]]
h_coarse = 0.4487989505128276
method = "gauss_refinement_difference"
N_coarse = 7
estimate = 2.9163859926530046e-16
boundary = "LU_EXEX"
err_format = "refinement"
signed_diff = -2.9163859926530046e-16
q_coarse = 2.0
reference = 2.0
rule = "gauss_p5"
q_fine = 2.0
h_fine = 0.2243994752564138
dim = 1
N_fine = 14
[[err]]
h_coarse = 0.39269908169872414
method = "gauss_refinement_difference"
N_coarse = 8
estimate = 9.085260971338917e-17
boundary = "LU_EXEX"
err_format = "refinement"
signed_diff = -9.085260971338917e-17
q_coarse = 2.0
reference = 2.0
rule = "gauss_p5"
q_fine = 2.0
h_fine = 0.19634954084936207
dim = 1
N_fine = 16
[[err]]
h_coarse = 0.3490658503988659
method = "gauss_refinement_difference"
N_coarse = 9
estimate = 3.841493389297733e-17
boundary = "LU_EXEX"
err_format = "refinement"
signed_diff = -3.841493389297733e-17
q_coarse = 2.0
reference = 2.0
rule = "gauss_p5"
q_fine = 2.0
h_fine = 0.17453292519943295
dim = 1
N_fine = 18
