use_threads = false
b = 1.0
h = [0.045454545454545456, 0.043478260869565216, 0.041666666666666664, 0.04, 0.038461538461538464, 0.037037037037037035, 0.03571428571428571, 0.034482758620689655]
a = 0.0
boundary = "LU_EXEX"
avg = [4.7920260896769715, 4.792027961167576, 4.792027219041575, 4.7920250744181505, 4.792022338471625, 4.79201952202756, 4.792016920600444, 4.792014682113776]
rule = "gauss_p2"
nerr_terms = 3
fit_terms = 4
err_total = [0.14657338073302073, 0.12271331924882314, 0.10351619292505147, 0.08793009157173487, 0.07516981018925643, 0.06464229808510236, 0.05589475188321077, 0.04857796248325065]
err_method = "fastdifferentiation"
dim = 1
ff_shift = 0

[[err]]
derivatives = [2.610212148672811e6, 9.073670626820049e7, 3.5027936891698966e9]
total = 0.14657338073302073
terms = [0.002579296902768163, 4.852391572981328e-13, 0.14399408382976733]
coeffs = [0.00509259259342798, 6.063298011819521e-13, 0.10253894767956809]
center = 0.5
h = 0.045454545454545456
ks = [4, 5, 6]
[[err]]
derivatives = [2.610212148672811e6, 9.073670626820049e7, 3.5027936891698966e9]
total = 0.12271331924882314
terms = [0.0021591395659226837, 7.432842055145586e-14, 0.12055417968282613]
coeffs = [0.005324074075057675, 1.2126596023639043e-13, 0.11718244782597241]
center = 0.5
h = 0.043478260869565216
ks = [4, 5, 6]
[[err]]
derivatives = [2.610212148672811e6, 9.073670626820049e7, 3.5027936891698966e9]
total = 0.10351619292505147
terms = [0.0018211557657720325, 4.030440462638554e-13, 0.1016950371588764]
coeffs = [0.005555555557293701, 8.48861721654733e-13, 0.13315696649046407]
center = 0.5
h = 0.041666666666666664
ks = [4, 5, 6]
[[err]]
derivatives = [2.610212148672811e6, 9.073670626820049e7, 3.5027936891698966e9]
total = 0.08793009157173487
terms = [0.0015467923847408368, -2.704164572602526e-13, 0.08638329918726445]
coeffs = [0.005787037038317067, -7.275957614183426e-13, 0.15052037405419266]
center = 0.5
h = 0.04
ks = [4, 5, 6]
[[err]]
derivatives = [2.610212148672811e6, 9.073670626820049e7, 3.5027936891698966e9]
total = 0.07516981018925643
terms = [0.0013222046128842358, 4.274281083385256e-13, 0.07384760557594477]
coeffs = [0.006018518518734102, 1.4551915228366853e-12, 0.16933054086855717]
center = 0.5
h = 0.038461538461538464
ks = [4, 5, 6]
[[err]]
derivatives = [2.610212148672811e6, 9.073670626820049e7, 3.5027936891698966e9]
total = 0.06464229808510236
terms = [0.0011369385787877294, -2.2721098396632573e-13, 0.06350535950654183]
coeffs = [0.006250000000970127, -9.701276818911234e-13, 0.18964533731341363]
center = 0.5
h = 0.037037037037037035
ks = [4, 5, 6]
[[err]]
derivatives = [2.610212148672811e6, 9.073670626820049e7, 3.5027936891698966e9]
total = 0.05589475188321077
terms = [0.000983014523901945, -3.1966991682864174e-13, 0.054911737359628496]
coeffs = [0.006481481481993493, -1.697723443309466e-12, 0.2115226337634441]
center = 0.5
h = 0.03571428571428571
ks = [4, 5, 6]
[[err]]
derivatives = [2.610212148672811e6, 9.073670626820049e7, 3.5027936891698966e9]
total = 0.04857796248325065
terms = [0.0008542796643338963, 5.179549219463402e-13, 0.0477236828183988]
coeffs = [0.0067129629642295185, 3.395446886618932e-12, 0.23502030055969955]
center = 0.5
h = 0.034482758620689655
ks = [4, 5, 6]
