use_error_jet = false
b = 3.141592653589793
h = [0.20943951023931953, 0.19634954084936207, 0.18479956785822313, 0.17453292519943295, 0.16534698176788384, 0.15707963267948966, 0.14959965017094254]
a = 0.0
boundary = "LU_EXEX"
avg = [0.7737761830622946, 0.77377532380998, 0.7737746116769664, 0.7737740148989899, 0.7737735098428702, 0.7737730786324164, 0.7737727075425305]
rule = "gauss_p12"
nerr_terms = 3
fit_terms = 4
err_total = [5.321936975222208e-6, 4.677509752970543e-6, 4.143417820401396e-6, 3.6958397519049058e-6, 3.3170521692715838e-6, 2.9936489210902195e-6, 2.715334532998881e-6]
err_method = "refinement"
dim = 4
ff_shift = 0

[[err]]
h_coarse = 0.20943951023931953
method = "gauss_refinement_difference"
N_coarse = 15
estimate = 5.321936975222208e-6
boundary = "LU_EXEX"
err_format = "refinement"
signed_diff = -5.321936975222208e-6
q_coarse = 0.7737761830622947
reference = 0.7737708611253195
rule = "gauss_p12"
q_fine = 0.7737708611253195
h_fine = 0.10471975511965977
dim = 4
N_fine = 30
[[err]]
h_coarse = 0.19634954084936207
method = "gauss_refinement_difference"
N_coarse = 16
estimate = 4.677509752970543e-6
boundary = "LU_EXEX"
err_format = "refinement"
signed_diff = -4.677509752970543e-6
q_coarse = 0.7737753238099799
reference = 0.773770646300227
rule = "gauss_p12"
q_fine = 0.773770646300227
h_fine = 0.09817477042468103
dim = 4
N_fine = 32
[[err]]
h_coarse = 0.18479956785822313
method = "gauss_refinement_difference"
N_coarse = 17
estimate = 4.143417820401396e-6
boundary = "LU_EXEX"
err_format = "refinement"
signed_diff = -4.143417820401396e-6
q_coarse = 0.7737746116769665
reference = 0.7737704682591461
rule = "gauss_p12"
q_fine = 0.7737704682591461
h_fine = 0.09239978392911156
dim = 4
N_fine = 34
[[err]]
h_coarse = 0.17453292519943295
method = "gauss_refinement_difference"
N_coarse = 18
estimate = 3.6958397519049058e-6
boundary = "LU_EXEX"
err_format = "refinement"
signed_diff = -3.6958397519049058e-6
q_coarse = 0.7737740148989897
reference = 0.7737703190592378
rule = "gauss_p12"
q_fine = 0.7737703190592378
h_fine = 0.08726646259971647
dim = 4
N_fine = 36
[[err]]
h_coarse = 0.16534698176788384
method = "gauss_refinement_difference"
N_coarse = 19
estimate = 3.3170521692715838e-6
boundary = "LU_EXEX"
err_format = "refinement"
signed_diff = -3.3170521692715838e-6
q_coarse = 0.7737735098428702
reference = 0.7737701927907009
rule = "gauss_p12"
q_fine = 0.7737701927907009
h_fine = 0.08267349088394192
dim = 4
N_fine = 38
[[err]]
h_coarse = 0.15707963267948966
method = "gauss_refinement_difference"
N_coarse = 20
estimate = 2.9936489210902195e-6
boundary = "LU_EXEX"
err_format = "refinement"
signed_diff = -2.9936489210902195e-6
q_coarse = 0.7737730786324165
reference = 0.7737700849834954
rule = "gauss_p12"
q_fine = 0.7737700849834954
h_fine = 0.07853981633974483
dim = 4
N_fine = 40
[[err]]
h_coarse = 0.14959965017094254
method = "gauss_refinement_difference"
N_coarse = 21
estimate = 2.715334532998881e-6
boundary = "LU_EXEX"
err_format = "refinement"
signed_diff = -2.715334532998881e-6
q_coarse = 0.7737727075425306
reference = 0.7737699922079976
rule = "gauss_p12"
q_fine = 0.7737699922079976
h_fine = 0.07479982508547127
dim = 4
N_fine = 42
