use_threads = true
b = 3.141592653589793
h = [0.4487989505128276, 0.39269908169872414, 0.3490658503988659]
a = 0.0
boundary = "LU_EXEX"
avg = [1.9999999999981357, 1.9999999999993603, 1.9999999999997509]
rule = "gauss_p4"
nerr_terms = 3
fit_terms = 4
err_total = [1.7329692202661873e-12, 5.937891803218824e-13, 2.309785371102687e-13]
err_method = "forwarddiff"
dim = 1
ff_shift = 0

[[err]]
derivatives = [1.0, 6.123233995736766e-17, -1.0]
total = 1.7329692202661873e-12
terms = [2.908073930113588e-12, 1.0175747434087581e-36, -1.1751047098474008e-12]
coeffs = [3.936760087584382e-9, 5.012647165856086e-17, 7.897805015065189e-9]
center = 1.5707963267948966
h = 0.4487989505128276
ks = [8, 9, 10]
[[err]]
derivatives = [1.0, 6.123233995736766e-17, -1.0]
total = 5.937891803218824e-13
terms = [9.992401416604151e-13, 1.177875872412883e-36, -4.054509613385327e-13]
coeffs = [4.499154437369379e-9, 2.205564752976678e-16, 1.1838034239459646e-8]
center = 1.5707963267948966
h = 0.39269908169872414
ks = [8, 9, 10]
[[err]]
derivatives = [1.0, 6.123233995736766e-17, -1.0]
total = 2.309785371102687e-13
terms = [3.894481961106835e-13, 1.3189903175570621e-36, -1.584696590004148e-13]
coeffs = [5.061548787154376e-9, 8.020235465369738e-16, 1.6903052003019387e-8]
center = 1.5707963267948966
h = 0.3490658503988659
ks = [8, 9, 10]
