use_cuda = false
use_error_jet = true
b = 3.141592653589793
a = 0.0
h = [1.5707963267948966, 1.0471975511965976, 0.7853981633974483, 0.6283185307179586, 0.5235987755982988, 0.4487989505128276, 0.39269908169872414, 0.3490658503988659]
boundary = "LU_EXEX"
avg = [1.9999999543942308, 1.999999998308042, 1.999999999833522, 1.9999999999722913, 1.9999999999935836, 1.9999999999981355, 1.9999999999993605, 1.999999999999751]
real_type = "Double64"
rule = "gauss_p4"
nerr_terms = 3
fit_terms = 4
err_total = [4.543929116755932e-8, 1.6855414935011102e-9, 1.658385046977139e-10, 2.760180052676432e-11, 6.391600097109575e-12, 1.8573950033283543e-12, 6.371385281076543e-13, 2.4803186140377563e-13]
err_method = "refinement"
dim = 1
ff_shift = 0

[[err]]
h_coarse = 1.5707963267948966
method = "gauss_refinement_difference"
N_coarse = 2
estimate = 4.543929116755932e-8
boundary = "LU_EXEX"
err_format = "refinement"
signed_diff = 4.543929116755932e-8
q_coarse = 1.9999999543942308
reference = 1.999999999833522
rule = "gauss_p4"
q_fine = 1.999999999833522
h_fine = 0.7853981633974483
dim = 1
N_fine = 4
[[err]]
h_coarse = 1.0471975511965976
method = "gauss_refinement_difference"
N_coarse = 3
estimate = 1.6855414935011102e-9
boundary = "LU_EXEX"
err_format = "refinement"
signed_diff = 1.6855414935011102e-9
q_coarse = 1.999999998308042
reference = 1.9999999999935836
rule = "gauss_p4"
q_fine = 1.9999999999935836
h_fine = 0.5235987755982988
dim = 1
N_fine = 6
[[err]]
h_coarse = 0.7853981633974483
method = "gauss_refinement_difference"
N_coarse = 4
estimate = 1.658385046977139e-10
boundary = "LU_EXEX"
err_format = "refinement"
signed_diff = 1.658385046977139e-10
q_coarse = 1.999999999833522
reference = 1.9999999999993605
rule = "gauss_p4"
q_fine = 1.9999999999993605
h_fine = 0.39269908169872414
dim = 1
N_fine = 8
[[err]]
h_coarse = 0.6283185307179586
method = "gauss_refinement_difference"
N_coarse = 5
estimate = 2.760180052676432e-11
boundary = "LU_EXEX"
err_format = "refinement"
signed_diff = 2.760180052676432e-11
q_coarse = 1.9999999999722913
reference = 1.999999999999893
rule = "gauss_p4"
q_fine = 1.999999999999893
h_fine = 0.3141592653589793
dim = 1
N_fine = 10
[[err]]
h_coarse = 0.5235987755982988
method = "gauss_refinement_difference"
N_coarse = 6
estimate = 6.391600097109575e-12
boundary = "LU_EXEX"
err_format = "refinement"
signed_diff = 6.391600097109575e-12
q_coarse = 1.9999999999935836
reference = 1.9999999999999751
rule = "gauss_p4"
q_fine = 1.9999999999999751
h_fine = 0.2617993877991494
dim = 1
N_fine = 12
[[err]]
h_coarse = 0.4487989505128276
method = "gauss_refinement_difference"
N_coarse = 7
estimate = 1.8573950033283543e-12
boundary = "LU_EXEX"
err_format = "refinement"
signed_diff = 1.8573950033283543e-12
q_coarse = 1.9999999999981355
reference = 1.999999999999993
rule = "gauss_p4"
q_fine = 1.999999999999993
h_fine = 0.2243994752564138
dim = 1
N_fine = 14
[[err]]
h_coarse = 0.39269908169872414
method = "gauss_refinement_difference"
N_coarse = 8
estimate = 6.371385281076543e-13
boundary = "LU_EXEX"
err_format = "refinement"
signed_diff = 6.371385281076543e-13
q_coarse = 1.9999999999993605
reference = 1.9999999999999976
rule = "gauss_p4"
q_fine = 1.9999999999999976
h_fine = 0.19634954084936207
dim = 1
N_fine = 16
[[err]]
h_coarse = 0.3490658503988659
method = "gauss_refinement_difference"
N_coarse = 9
estimate = 2.4803186140377563e-13
boundary = "LU_EXEX"
err_format = "refinement"
signed_diff = 2.4803186140377563e-13
q_coarse = 1.999999999999751
reference = 1.9999999999999991
rule = "gauss_p4"
q_fine = 1.9999999999999991
h_fine = 0.17453292519943295
dim = 1
N_fine = 18
