use_cuda = false
use_error_jet = false
b = 3.141592653589793
a = 0.0
h = [1.5707963267948966, 1.0471975511965979, 0.7853981633974483, 0.6283185307179586, 0.5235987755982989, 0.4487989505128276, 0.39269908169872414, 0.3490658503988659]
boundary = "LU_EXEX"
avg = [1.9999999543942308, 1.999999998308042, 1.999999999833522, 1.9999999999722913, 1.9999999999935836, 1.9999999999981355, 1.9999999999993605, 1.999999999999751]
real_type = "Double64"
rule = "gauss_p4"
nerr_terms = 3
fit_terms = 4
err_total = [4.564440493260802e-8, 1.4653677128558756e-9, 1.1771903220109548e-10, 1.6286935110234742e-11, 3.2082491470173298e-12, 8.090407048398385e-13, 2.4477704698465773e-13, 8.516520434137625e-14]
err_method = "forwarddiff"
dim = 1
ff_shift = 0

[[err]]
err_format = "derivative"
derivatives = [1.0, -1.0, 1.0]
total = 4.564440493260802e-8
terms = [6.548619787326981e-8, -2.119435374676037e-8, 1.352560806098574e-9]
coeffs = [1.1247885397696076e-9, 1.4753719807190856e-10, 3.815912407241898e-12]
center = 1.5707963267948966
h = 1.5707963267948966
ks = [8, 10, 12]
[[err]]
err_format = "derivative"
derivatives = [1.0, -1.0, 1.0]
total = 1.4653677128558756e-9
terms = [1.7034462892401638e-9, -2.450283463641227e-10, 6.949769979834399e-12]
coeffs = [1.1247885397696076e-9, 1.4753719807190856e-10, 3.815912407241898e-12]
center = 1.5707963267948966
h = 1.0471975511965979
ks = [8, 10, 12]
[[err]]
err_format = "derivative"
derivatives = [1.0, -1.0, 1.0]
total = 1.1771903220109548e-10
terms = [1.279027302212301e-10, -1.0348805540410337e-11, 1.6510752027570482e-13]
coeffs = [1.1247885397696076e-9, 1.4753719807190856e-10, 3.815912407241898e-12]
center = 1.5707963267948966
h = 0.7853981633974483
ks = [8, 10, 12]
[[err]]
err_format = "derivative"
derivatives = [1.0, -1.0, 1.0]
total = 1.6286935110234742e-11
terms = [1.7166813855290442e-11, -8.889556269745202e-13, 9.076881918819958e-15]
coeffs = [1.1247885397696076e-9, 1.4753719807190856e-10, 3.815912407241898e-12]
center = 1.5707963267948966
h = 0.6283185307179586
ks = [8, 10, 12]
[[err]]
err_format = "derivative"
derivatives = [1.0, -1.0, 1.0]
total = 3.2082491470173298e-12
terms = [3.327043533672195e-12, -1.1964274724810678e-13, 8.483605932415037e-16]
coeffs = [1.1247885397696076e-9, 1.4753719807190856e-10, 3.815912407241898e-12]
center = 1.5707963267948966
h = 0.5235987755982989
ks = [8, 10, 12]
[[err]]
err_format = "derivative"
derivatives = [1.0, -1.0, 1.0]
total = 8.090407048398385e-13
terms = [8.308782238751086e-13, -2.1951878528436634e-14, 1.1435949316661615e-16]
coeffs = [1.1247885397696076e-9, 1.4753719807190856e-10, 3.815912407241898e-12]
center = 1.5707963267948966
h = 0.4487989505128276
ks = [8, 10, 12]
[[err]]
err_format = "derivative"
derivatives = [1.0, -1.0, 1.0]
total = 2.4477704698465773e-13
terms = [2.4981001996334005e-13, -5.053127705278485e-15, 2.0154726596155374e-17]
coeffs = [1.1247885397696076e-9, 1.4753719807190856e-10, 3.815912407241898e-12]
center = 1.5707963267948966
h = 0.39269908169872414
ks = [8, 10, 12]
[[err]]
err_format = "derivative"
derivatives = [1.0, -1.0, 1.0]
total = 8.516520434137625e-14
terms = [8.654403745568073e-14, -1.3831921870769626e-15, 4.359072772477345e-18]
coeffs = [1.1247885397696076e-9, 1.4753719807190856e-10, 3.815912407241898e-12]
center = 1.5707963267948966
h = 0.3490658503988659
ks = [8, 10, 12]
