use_error_jet = false
b = 3.141592653589793
h = [0.241660973353061, 0.2243994752564138, 0.20943951023931953, 0.19634954084936207, 0.18479956785822313]
a = 0.0
boundary = "LU_EXEX"
avg = [0.7741751893055603, 0.7741193101820071, 0.7740742149914523, 0.774037298061893, 0.7740066955101012]
rule = "gauss_p4"
nerr_terms = 3
fit_terms = 4
err_total = [0.00030447621908402667, 0.0002625926106167853, 0.00022878921515701034, 0.00020111440902215172, 0.00017817192361402334]
err_method = "refinement"
dim = 4
ff_shift = 0

[[err]]
h_coarse = 0.241660973353061
method = "gauss_refinement_difference"
N_coarse = 13
estimate = 0.00030447621908402667
boundary = "LU_EXEX"
err_format = "refinement"
signed_diff = -0.00030447621908402667
q_coarse = 0.7741751893055602
reference = 0.7738707130864761
rule = "gauss_p4"
q_fine = 0.7738707130864761
h_fine = 0.1208304866765305
dim = 4
N_fine = 26
[[err]]
h_coarse = 0.2243994752564138
method = "gauss_refinement_difference"
N_coarse = 14
estimate = 0.0002625926106167853
boundary = "LU_EXEX"
err_format = "refinement"
signed_diff = -0.0002625926106167853
q_coarse = 0.774119310182007
reference = 0.7738567175713902
rule = "gauss_p4"
q_fine = 0.7738567175713902
h_fine = 0.1121997376282069
dim = 4
N_fine = 28
[[err]]
h_coarse = 0.20943951023931953
method = "gauss_refinement_difference"
N_coarse = 15
estimate = 0.00022878921515701034
boundary = "LU_EXEX"
err_format = "refinement"
signed_diff = -0.00022878921515701034
q_coarse = 0.7740742149914525
reference = 0.7738454257762954
rule = "gauss_p4"
q_fine = 0.7738454257762954
h_fine = 0.10471975511965977
dim = 4
N_fine = 30
[[err]]
h_coarse = 0.19634954084936207
method = "gauss_refinement_difference"
N_coarse = 16
estimate = 0.00020111440902215172
boundary = "LU_EXEX"
err_format = "refinement"
signed_diff = -0.00020111440902215172
q_coarse = 0.774037298061893
reference = 0.7738361836528709
rule = "gauss_p4"
q_fine = 0.7738361836528709
h_fine = 0.09817477042468103
dim = 4
N_fine = 32
[[err]]
h_coarse = 0.18479956785822313
method = "gauss_refinement_difference"
N_coarse = 17
estimate = 0.00017817192361402334
boundary = "LU_EXEX"
err_format = "refinement"
signed_diff = -0.00017817192361402334
q_coarse = 0.774006695510101
reference = 0.773828523586487
rule = "gauss_p4"
q_fine = 0.773828523586487
h_fine = 0.09239978392911156
dim = 4
N_fine = 34
