use_threads = false
b = 3.141592653589793
h = [0.4487989505128276, 0.39269908169872414, 0.3490658503988659]
a = 0.0
boundary = "LU_EXEX"
avg = [1.9999999999981353, 1.9999999999993598, 1.9999999999997509]
rule = "gauss_p4"
nerr_terms = 3
fit_terms = 4
err_total = [1.7329692869171057e-12, 5.937892193013518e-13, 2.3097859144593045e-13]
err_method = "forwarddiff"
dim = 1
ff_shift = 0

[[err]]
derivatives = [1.0, -1.0, -6.123233995736766e-17]
total = 1.7329692869171057e-12
terms = [2.9080739967645065e-12, -1.1751047098474008e-12, -2.981242349828409e-39]
coeffs = [3.936760177812031e-9, 7.897805015065189e-9, 7.291123150336125e-19]
center = 1.5707963267948966
h = 0.4487989505128276
ks = [8, 10, 11]
[[err]]
derivatives = [1.0, 6.123233995736766e-17, -1.0]
total = 5.937892193013518e-13
terms = [9.99240181738652e-13, 4.283184990592302e-37, -4.054509624373003e-13]
coeffs = [4.499154617824677e-9, 8.020235465369738e-17, 1.1838034271540587e-8]
center = 1.5707963267948966
h = 0.39269908169872414
ks = [8, 9, 10]
[[err]]
derivatives = [1.0, 6.123233995736766e-17, -1.0]
total = 2.3097859144593045e-13
terms = [3.894482516494075e-13, 1.0551922540456496e-36, -1.5846966020347706e-13]
coeffs = [5.061549508975568e-9, 6.41618837229579e-16, 1.6903052131343155e-8]
center = 1.5707963267948966
h = 0.3490658503988659
ks = [8, 9, 10]
